u,v,name,highway,oneway,length,lanes,bridge,ref,junction,maxspeed,tunnel,access,id,cnt,n_id
62917024,477597199,成都南路,residential,0,154.185, , , , , , , ,78,54,0
62917024,479307593,成都南路,residential,0,154.733, , , , , , , ,79,114,1
62917024,477598679,长乐路,tertiary,0,237.125, , , , , , , ,80,159,2
62917024,109426242,长乐路,tertiary,0,408.76,1, , , , , , ,81,197,3
63338299,154072852,复兴西路,tertiary,0,116.47600000000001,2, , , , , , ,145,284,4
63338299,131184023,淮海中路,secondary,0,117.72800000000002,2, , , , , , ,146,487,5
63338299,554238927,淮海中路,secondary,0,272.963,2, , , , , , ,147,373,6
76482203,76482724,思南路,residential,1,574.836,1, , , , , , ,330,234,7
76482203,109425491,复兴中路,secondary,1,249.79800000000003,2, , , , , , ,331,680,8
76482724,87604258,思南路,residential,1,62.462,1, , , , , , ,332,110,9
76482724,601681407,建德路,residential,1,359.592, , , , , , , ,333,98,10
82515933,82515934,汾阳路,residential,1,65.567,1, , , , , , ,435,10,11
82515933,82516857,桃江路,residential,1,143.565, , , , , , , ,436,223,12
82515934,267671967,汾阳路,residential,1,217.19200000000004,1, , , , , , ,437,218,13
82516857,87781402,桃江路,residential,1,5.359, , , , , , , ,438,145,14
82516857,857586380,宝庆路,secondary,1,129.12, , , , , , , ,439,392,15
82517936,82516857,衡山路,secondary,1,105.21100000000001,2, , , , , , ,440,320,16
82517936,601675009,东平路,residential,1,214.755,1, , , , , , ,441,157,17
82518112,85014614,永嘉路,residential,0,17.473, , , , , , , ,442,164,18
82518112,82518464,永嘉路,residential,0,174.585, , , , , , , ,443,103,19
82518112,82526036,衡山路,secondary,1,442.757,2, , , , , , ,444,243,20
82518464,94632188,永嘉路,residential,0,147.933, , , , , , , ,445,91,21
82518464,601712324,安亭路,residential,0,301.433,1, , , , , , ,446,17,22
82518464,82518112,永嘉路,residential,0,174.585, , , , , , , ,447,137,23
82526036,94632188,乌鲁木齐南路,tertiary,1,252.978,1, , , , , , ,448,403,24
82526036,82517936,衡山路,secondary,1,222.894,2, , , , , , ,449,222,25
85014614,82518112,永嘉路,residential,0,17.473, , , , , , , ,525,98,26
85014614,804464903,衡山路,secondary,1,22.226,2, , , , , , ,526,581,27
87604258,486193835,建国中路,secondary,1,178.553, , , , , , , ,561,349,28
87604258,858404199,思南路,residential,1,218.344,1, , , , , , ,562,92,29
87723676,82526036,乌鲁木齐南路,tertiary,1,19.725,1, , , , , , ,563,377,30
87723676,85014614,衡山路,secondary,1,466.4,2, , , , , , ,564,573,31
87781402,94574925,衡山路,secondary,1,108.605,2, , , ,40, , ,582,758,32
87781402,603891560,桃江路,residential,1,243.199, , , , , , , ,583,96,33
94574920,87723676,乌鲁木齐南路,tertiary,1,181.06,1, , , , , , ,775,262,34
94574920,94574925,东平路,residential,1,150.82,1, , , , , , ,776,133,35
94574925,82517936,东平路,residential,1,11.206,1, , , , , , ,777,241,36
94574925,87723676,衡山路,secondary,1,204.905,2, , , ,40, , ,778,651,37
94632188,82518464,永嘉路,residential,0,147.933, , , , , , , ,779,134,38
94632188,601669704,永嘉路,residential,0,352.119, , , , , , , ,780,121,39
94632188,601712368,乌鲁木齐南路,tertiary,1,291.885,1, , , , , , ,781,359,40
105253431,994212305,兴国路,unclassified,1,208.219,2, , , , , , ,1022,140,41
105253431,1414884244,余庆路,residential,1,323.5499999999999, , , , , , , ,1023,89,42
105253431,804474492,淮海中路,secondary,0,184.493,2, , , , , , ,1024,416,43
105253431,554236865,淮海中路,secondary,0,258.35,2, , , , , , ,1025,309,44
107674834,2129433575,漕溪北路,primary,1,45.656,5, , , , , , ,1080,713,45
107674834,321982054,零陵路,tertiary,0,254.864, , , , , , , ,1082,285,46
107723532,107742927,宛平路,secondary,0,34.294, , , , , , , ,1091,553,47
107723532,640448605,肇嘉浜路,primary,1,334.573,4, , , ,60, , ,1092,788,48
107724512,107743908,襄阳南路,tertiary,1,39.22, , , , , , , ,1093,155,49
107724512,601675053,肇嘉浜路,primary,1,204.475,4, , , ,60, , ,1094,765,50
107742927,243843481,宛平路,secondary,0,326.848, , , , , , , ,1095,268,51
107742927,107723532,宛平路,secondary,0,34.294, , , , , , , ,1096,157,52
107742927,640468130,肇嘉浜路,primary,1,381.875,4, , , , , , ,1097,1150,53
107743115,640448605,高安路,residential,1,33.506, , , , , , , ,1098,93,54
107743115,603891420,肇嘉浜路,primary,1,225.401,4, , , , , , ,1099,890,55
107743333,107758681,肇嘉浜路,tertiary,1,165.94, , , , , , , ,1100,127,56
107743333,107743115,肇嘉浜路,primary,1,160.352,4, , , , , , ,1101,886,57
107743908,601675378,肇嘉浜路,primary,1,238.36,4, , , , , , ,1102,1131,58
107743908,601675077,襄阳南路,tertiary,1,296.278, , , , , , , ,1103,277,59
107744185,601675053,大木桥路,tertiary,1,35.938, , , , , , , ,1104,28,60
107744185,107743908,肇嘉浜路,primary,1,211.227,4, , , , , , ,1105,1224,61
107744658,858404347,肇嘉浜路,primary,1,21.824,4, , , , , , ,1106,1170,62
107758681,107743115,高安路,residential,1,38.374, , , , , , , ,1107,101,63
107758681,603891422,肇嘉浜路,tertiary,1,174.012, , , , , , , ,1108,137,64
107758818,107743333,肇嘉浜路,primary,1,112.76,4, , , , , , ,1109,1007,65
107758818,601712422,东安路,tertiary,0,32.681,4, , , , , , ,1110,500,66
109424516,107744658,肇嘉浜路,primary,1,92.81,4, , , , , , ,1149,1091,67
109424516,2974114618,瑞金二路,secondary,1,223.898,2, , , , , , ,1150,865,68
109425172,109425332,瑞金二路,secondary,1,163.91399999999996,2, , , , , , ,1151,853,69
109425332,109425491,瑞金二路,secondary,1,342.783,2, , , , , , ,1152,758,70
109425332,483133315,永嘉路,residential,0,230.344, , , , , , , ,1153,248,71
109425491,109425717,瑞金二路,secondary,1,87.027,2, , , , , , ,1154,839,72
109425491,483133323,复兴中路,secondary,1,262.22,2, , , , , , ,1155,584,73
109425717,601681402,瑞金二路,secondary,1,102.736,2, , , , , , ,1156,827,74
109425717,601681398,香山路,residential,0,233.717, , , , , , , ,1157,32,75
109425825,483133333,淮海中路,secondary,0,283.285,2, , , , , , ,1158,402,76
109425825,554236879,淮海中路,secondary,0,208.17,2, , , , , , ,1159,643,77
109425825,109426242,瑞金一路,secondary,1,277.183,4, , , , , , ,1160,790,78
109426242,62917024,长乐路,tertiary,0,408.76,1, , , , , , ,1161,114,79
109426242,483133346,长乐路,tertiary,0,305.982,1, , , , , , ,1162,206,80
109426242,479307526,瑞金一路,secondary,1,176.23100000000005,4, , , , , , ,1163,889,81
130015482,857586245,巨鹿路,residential,0,406.225,1, , , , , , ,1540,40,82
130015482,130022540,巨鹿路,residential,0,347.8280000000001, , , , , , , ,1541,80,83
130015482,152846089,富民路,tertiary,0,313.831, , , , , , , ,1543,297,84
130022540,1576354819,巨鹿路,residential,0,286.494, , , , , , , ,1544,119,85
130022540,130015482,巨鹿路,residential,0,347.828, , , , , , , ,1545,340,86
130022540,130022631,襄阳北路,residential,0,222.827, , , , , , , ,1546,46,87
130022631,600487399,长乐路,residential,0,286.583,1, , , , , , ,1547,192,88
130022631,152846089,长乐路,residential,0,334.29,1, , , , , , ,1548,202,89
130022631,130022540,襄阳北路,residential,0,222.827, , , , , , , ,1549,128,90
131166911,483126248,襄阳南路,tertiary,1,176.893, , , , , , , ,1550,383,91
131166911,601675124,复兴中路,secondary,1,283.881,2, , , , , , ,1551,530,92
131167245,152846422,淮海中路,secondary,0,77.795,2, , , , , , ,1552,622,93
131167245,858404191,襄阳北路,tertiary,1,235.131, , , , , , , ,1553,221,94
131167245,600504932,淮海中路,secondary,0,247.988,2, , , , , , ,1554,679,95
131184023,154072852,乌鲁木齐中路,tertiary,0,84.84399999999998,1, , , , , , ,1555,83,96
131184023,603891560,乌鲁木齐南路,tertiary,1,99.483,1, , , , , , ,1556,302,97
131184023,804464960,淮海中路,secondary,0,429.259,2, , , , , , ,1557,455,98
131184023,63338299,淮海中路,secondary,0,117.72800000000002,2, , , , , , ,1558,293,99
152846089,130022631,长乐路,residential,0,334.29,1, , , , , , ,1622,108,100
152846089,152887810,长乐路,residential,0,54.918,1, , , , , , ,1623,432,101
152846089,130015482,富民路,tertiary,0,313.831, , , , , , , ,1624,192,102
152846113,152846089,富民路,residential,1,65.81800000000001,1, , , , , , ,1625,180,103
152846113,152888329,东湖路,residential,0,38.687,1, , , , , , ,1626,271,104
152846422,131167245,淮海中路,secondary,0,77.795,2, , , , , , ,1627,493,105
152846422,601675124,汾阳路,residential,0,433.004,1, , , , , , ,1628,309,106
152846422,152888329,东湖路,residential,0,339.844,1, , , , , , ,1629,180,107
152846422,603891496,淮海中路,secondary,0,537.982,2, , , , , , ,1630,546,108
152887810,152846089,长乐路,residential,0,54.918,1, , , , , , ,1642,65,109
152887810,603891498,长乐路,residential,0,218.764,1, , , , , , ,1643,249,110
152887810,152846113,东湖路,residential,1,81.882,1, , , , , , ,1644,237,111
152888329,858404191,新乐路,residential,1,293.132, , , , , , , ,1645,63,112
152888329,152846422,东湖路,residential,0,339.844,1, , , , , , ,1646,235,113
152888329,152846113,东湖路,residential,0,38.687,1, , , , , , ,1647,152,114
154072852,63338299,复兴西路,tertiary,0,116.47600000000001,2, , , , , , ,1648,56,115
154072852,131184023,乌鲁木齐中路,tertiary,0,84.84399999999998,1, , , , , , ,1649,291,116
154072852,603891525,复兴西路,tertiary,0,251.657,2, , , , , , ,1650,194,117
154072852,154072919,乌鲁木齐中路,tertiary,0,236.499,1, , , , , , ,1651,165,118
154072919,6369165292,乌鲁木齐中路,tertiary,0,142.37799999999996,1, , , , , , ,1652,186,119
154072919,1576354815,五原路,residential,1,319.112,1, , , , , , ,1653,38,120
154072919,154072852,乌鲁木齐中路,tertiary,0,236.499,1, , , , , , ,1654,270,121
154072987,6369165292,乌鲁木齐中路,tertiary,0,65.949,1, , , , , , ,1655,246,122
154072987,603891408,安福路,residential,1,517.606,1, , , , , , ,1656,82,123
154072987,154073129,乌鲁木齐中路,tertiary,0,146.665,1, , , , , , ,1657,197,124
154073129,6360292379,长乐路,residential,0,355.335,1, , , , , , ,1658,252,125
154073129,600486973,长乐路,residential,0,502.504,1, , , , , , ,1659,170,126
154073129,154080003,乌鲁木齐中路,tertiary,0,194.143,1, , , , , , ,1660,214,127
154073129,154072987,乌鲁木齐中路,tertiary,0,146.665,1, , , , , , ,1661,261,128
154073243,154072919,五原路,residential,1,50.059,1, , , , , , ,1662,53,129
154080003,640484221,华山路,secondary,0,298.9720000000001, , , , , , , ,1664,196,130
154080003,600486973,华山路,secondary,0,608.28, , , , , , , ,1665,208,131
154080003,154073129,乌鲁木齐中路,tertiary,0,194.143,1, , , , , , ,1667,244,132
243843425,856908615,宛平南路,secondary,1,321.048, , , , , , , ,1783,575,133
243843425,243843501,斜土路,secondary,0,592.682,4, , , , , , ,1784,480,134
243843425,622621866,斜土路,secondary,0,136.395,4, , , , , , ,1785,411,135
243843481,107742927,宛平路,secondary,0,326.848, , , , , , , ,1786,96,136
243843481,2412392614,衡山路,secondary,1,17.223,2, , , , , , ,1787,258,137
243843481,601712348,宛平路,secondary,0,14.717, , , , , , , ,1788,194,138
243843485,1414884245,宛平路,residential,0,111.23200000000001, , , , , , , ,1789,151,139
243843485,601712348,宛平路,residential,0,208.216, , , , , , , ,1790,85,140
243843501,622623764,东安路,tertiary,0,475.02199999999993,4, , , , , , ,1792,494,141
243843501,601712422,东安路,tertiary,0,586.1429999999998,4, , , , , , ,1793,167,142
243843501,622621883,斜土路,secondary,0,356.942,4, , , , , , ,1794,391,143
243843501,243843425,斜土路,secondary,0,592.682,4, , , , , , ,1795,492,144
267671967,601681523,太原路,residential,1,93.349, , , , , , , ,2176,401,145
267671967,601675124,汾阳路,residential,0,172.305,1, , , , , , ,2177,171,146
267698847,856908984,枫林路,residential,1,89.116, , , , , , , ,2183,393,147
267698847,856909006,医学院路,residential,0,249.399, , , , , , , ,2185,34,148
321982054,856908349,三角东街,residential,0,275.924, , , , , , , ,2289,31,149
321982054,601716803,零陵路,tertiary,0,218.388, , , , , , , ,2290,276,150
321982054,107674834,零陵路,tertiary,0,254.864, , , , , , , ,2291,254,151
376594431,3805834237,南丹东路,secondary,0,113.171, , , , , , , ,2363,469,152
376594431,640464962,漕溪北路,primary,1,252.055,5, , , , , , ,2364,881,153
423833592,601712550,徐家汇路,primary,1,76.42,4, , , , , , ,2563,814,154
423833592,601712418,丽园路,unclassified,1,194.658, , , , , , , ,2564,141,155
423833606,1882272209,徐家汇路,primary,1,163.362,4, , , ,60, , ,2567,1510,156
477597199,62917024,成都南路,residential,0,154.185, , , , , , , ,4245,113,157
477597199,554236879,淮海中路,secondary,0,248.303,2, , , , , , ,4246,427,158
477597199,2412392616,淮海中路,secondary,0,189.093,2, , , , , , ,4247,492,159
477598679,4225698901,长乐路,tertiary,1,39.809, , , , , , , ,4248,84,160
477598679,62917024,长乐路,tertiary,0,237.125, , , , , , , ,4249,180,161
477598679,4988370715,长乐路,tertiary,0,73.899, , , , , , , ,4250,69,162
479307526,479307593,巨鹿路,residential,0,418.585, , , , , , , ,4518,60,163
479307526,483133364,巨鹿路,residential,0,271.063, , , , , , , ,4519,91,164
479307593,62917024,成都南路,residential,0,154.733, , , , , , , ,4521,90,165
479307593,4988370708,巨鹿路,residential,0,201.333, , , , , , , ,4523,64,166
479307593,479307526,巨鹿路,residential,0,418.585, , , , , , , ,4524,350,167
483119185,486179370,重庆南路,primary,1,384.04300000000006, , , , , , , ,4930,429,168
483119728,109425825,瑞金二路,secondary,1,144.51499999999996,2, , , , , , ,4931,809,169
483119728,483119801,南昌路,residential,1,213.131, , , , , , , ,4932,150,170
483119801,601681404,思南路,residential,1,119.435,1, , , , , , ,4933,144,171
483119801,483124613,南昌路,residential,1,351.499, , , , , , , ,4934,140,172
483122241,4988384174,兴安路,residential,1,135.689,1, , , , , , ,4942,8,173
483122241,483124613,雁荡路,living_street,0,176.81899999999996, , , , , , , ,4943,13,174
483122241,2412392616,雁荡路,living_street,0,52.174, , , , , , , ,4944,20,175
483124613,483122241,雁荡路,living_street,0,176.81899999999996, , , , , , , ,4947,20,176
483124613,483119185,南昌路,residential,1,184.99, , , , , , , ,4948,111,177
483125845,483119728,南昌路,residential,1,294.207, , , , , , , ,4950,128,178
483125845,483133333,茂名南路,residential,0,173.341, , , , , , , ,4951,119,179
483125845,483133323,茂名南路,residential,0,258.575, , , , , , , ,4952,138,180
483126248,131167245,襄阳南路,tertiary,1,181.05, , , , , , , ,4953,379,181
483126248,552679258,南昌路,residential,1,283.1040000000001, , , , , , , ,4954,34,182
483133315,483133323,茂名南路,residential,1,345.654, , , , , , , ,4955,127,183
483133315,109425332,永嘉路,residential,0,230.344, , , , , , , ,4956,148,184
483133315,554236871,永嘉路,residential,0,211.848, , , , , , , ,4957,254,185
483133323,554236870,复兴中路,secondary,1,178.123,2, , , , , , ,4958,671,186
483133323,483125845,茂名南路,residential,0,258.575, , , , , , , ,4959,141,187
483133333,109425825,淮海中路,secondary,0,283.285,2, , , , , , ,4960,623,188
483133333,483125845,茂名南路,residential,0,173.34099999999995, , , , , , , ,4961,189,189
483133333,483133346,茂名南路,residential,0,347.694, , , , , , , ,4962,249,190
483133333,600504932,淮海中路,secondary,0,237.563,2, , , , , , ,4963,469,191
483133346,109426242,长乐路,tertiary,0,305.982,1, , , , , , ,4964,266,192
483133346,600487399,长乐路,tertiary,0,249.045,1, , , , , , ,4965,184,193
483133346,2329789972,茂名南路,residential,0,113.543, , , , , , , ,4966,140,194
483133346,483133333,茂名南路,residential,0,347.694, , , , , , , ,4967,350,195
483133364,479307526,巨鹿路,residential,0,271.063, , , , , , , ,4968,64,196
483133364,1576354819,巨鹿路,residential,0,357.374, , , , , , , ,4969,315,197
483133364,2329789972,茂名南路,residential,0,143.28, , , , , , , ,4971,328,198
486179370,486193994,重庆南路,primary,1,209.256, , , , , , , ,5069,503,199
486179370,76482203,复兴中路,secondary,1,291.048,2, , , , , , ,5070,759,200
486193667,2716408719,鲁班路,primary,1,42.203,4, , , , , , ,5082,609,201
486193835,486194095,重庆南路,primary,1,184.677, , , , , , , ,5084,448,202
486193994,486193835,重庆南路,primary,1,377.132, , , , , , , ,5087,428,203
486194095,2716408636,重庆南路,primary,1,42.332, , , , , , , ,5088,1478,204
486196383,1882296810,斜土路,secondary,0,390.051, , , , , , , ,5090,418,205
552679258,483125845,南昌路,residential,1,225.849, , , , , , , ,5247,46,206
552679258,554236870,陕西南路,secondary,1,208.75,3, , , , , , ,5248,632,207
552679267,600504932,陕西南路,secondary,1,207.505,3, , , , , , ,5249,780,208
554224858,2974114621,建国西路,secondary,1,495.514, , , , , , , ,5282,359,209
554224858,600504930,陕西南路,secondary,1,359.327,3, , , , , , ,5283,793,210
554236865,1414884245,宛平路,residential,0,336.295, , , , , , , ,5286,43,211
554236865,603891432,淮海中路,secondary,0,199.117,2, , , , , , ,5287,322,212
554236865,105253431,淮海中路,secondary,0,258.35,2, , , , , , ,5288,522,213
554236870,601669728,复兴中路,secondary,1,164.146,2, , , , , , ,5289,517,214
554236870,554236871,陕西南路,secondary,1,374.699,3, , , , , , ,5290,792,215
554236871,483133315,永嘉路,residential,0,211.848, , , , , , , ,5291,238,216
554236871,601669709,永嘉路,residential,0,217.049, , , , , , , ,5292,194,217
554236871,858404226,陕西南路,secondary,1,189.541,3, , , , , , ,5293,779,218
554236879,483119801,思南路,residential,1,174.65799999999996,1, , , , , , ,5294,161,219
554236879,109425825,淮海中路,secondary,0,208.17,2, , , , , , ,5295,400,220
554236879,477597199,淮海中路,secondary,0,248.303,2, , , , , , ,5296,505,221
554238927,857586333,宝庆路,secondary,1,211.835, , , , , , , ,5297,618,222
554238927,63338299,淮海中路,secondary,0,272.963,2, , , , , , ,5298,363,223
554238927,603891496,淮海中路,secondary,0,166.122,2, , , , , , ,5299,398,224
554238927,1576354815,常熟路,secondary,0,137.426,2, , , , , , ,5300,547,225
565224366,1882296810,斜土路,secondary,0,304.234, , , , , , , ,5690,442,226
565224366,600504910,斜土路,secondary,0,17.933, , , , , , , ,5691,442,227
565224366,858404364,瑞金南路,secondary,1,382.501, , , , , , , ,5692,396,228
574737611,640482387,华山路,secondary,0,87.093, , , , , , , ,5774,157,229
574737611,994909970,华山路,secondary,0,138.77, , , , , , , ,5775,198,230
600486973,4470004597,华山路,secondary,0,8.123, , , , , , , ,5887,266,231
600486973,154073129,长乐路,residential,0,502.504,1, , , , , , ,5888,183,232
600486973,154080003,华山路,secondary,0,608.28, , , , , , , ,5890,130,233
600487399,130022631,长乐路,residential,0,286.583,1, , , , , , ,5891,200,234
600487399,483133346,长乐路,tertiary,0,249.045,1, , , , , , ,5892,181,235
600487399,552679267,陕西南路,secondary,1,188.181,3, , , , , , ,5893,689,236
600504910,623410145,瑞金南路,secondary,1,422.337, , , , , , ,yes,5927,299,237
600504910,856908765,斜土路,secondary,0,358.864,4, , , , , , ,5928,436,238
600504910,565224366,斜土路,secondary,0,17.933, , , , , , , ,5929,555,239
600504912,2971125939,肇嘉浜路,primary,1,49.468,4, , , ,60, , ,5930,1106,240
600504930,601669716,肇嘉浜路,primary,1,128.988,4, , , , , , ,5931,1308,241
600504930,600504912,陕西南路,secondary,1,34.842,3, , , , , , ,5932,390,242
600504932,552679258,陕西南路,secondary,1,194.034,3, , , , , , ,5933,642,243
600504932,131167245,淮海中路,secondary,0,247.988,2, , , , , , ,5934,623,244
600504932,483133333,淮海中路,secondary,0,237.563,2, , , , , , ,5935,624,245
601669704,601669706,永嘉路,residential,0,278.611, , , , , , , ,6049,153,246
601669704,94632188,永嘉路,residential,0,352.119, , , , , , , ,6050,150,247
601669704,601675009,岳阳路,residential,1,277.35900000000004, , , , , , , ,6051,342,248
601669706,601675075,太原路,residential,1,342.057, , , , , , , ,6052,369,249
601669706,601669708,永嘉路,residential,0,358.2150000000001, , , , , , , ,6053,189,250
601669706,601669704,永嘉路,residential,0,278.611, , , , , , , ,6054,176,251
601669708,601681519,襄阳南路,tertiary,1,189.749, , , , , , , ,6055,349,252
601669708,601669709,永嘉路,residential,0,155.068, , , , , , , ,6056,146,253
601669708,601669706,永嘉路,residential,0,358.2150000000001, , , , , , , ,6057,151,254
601669709,554236871,永嘉路,residential,0,217.049, , , , , , , ,6058,159,255
601669709,601669708,永嘉路,residential,0,155.068, , , , , , , ,6059,145,256
601669709,601681509,嘉善路,residential,1,189.877, , , , , , , ,6060,68,257
601669716,107744185,肇嘉浜路,primary,1,13.895,4, , , , , , ,6061,1196,258
601669716,5000715349,嘉善路,residential,1,22.522, , , , , , , ,6062,108,259
601669719,601669709,嘉善路,residential,1,416.795, , , , , , , ,6063,97,260
601669719,554224858,建国西路,secondary,1,187.466, , , , , , , ,6064,284,261
601669728,131166911,复兴中路,secondary,1,172.84699999999995,2, , , , , , ,6065,545,262
601675009,82515933,岳阳路,residential,1,62.008, , , , , , , ,6066,261,263
601675009,82515934,岳阳路,unclassified,1,81.979, , , , , , , ,6067,211,264
601675019,107758818,肇嘉浜路,primary,1,300.2150000000001,4, , , , , , ,6068,1054,265
601675019,601675069,岳阳路,residential,1,306.281, , , , , , , ,6069,385,266
601675042,622622029,斜土路,secondary,0,11.965,4, , , , , , ,6070,491,267
601675042,601675044,大木桥路,tertiary,1,254.185, , , , , , , ,6071,69,268
601675042,856908765,斜土路,secondary,0,305.92999999999995,4, , , , , , ,6072,402,269
601675044,2971125849,大木桥路,tertiary,1,101.068, , , , , , , ,6073,8,270
601675044,601675056,正阳路,residential,0,16.473, , , , , , , ,6074,45,271
601675044,856908965,正阳路,residential,0,271.053, , , , , , , ,6075,25,272
601675049,601669716,大木桥路,tertiary,1,35.403, , , , , , , ,6076,32,273
601675049,600504912,肇嘉浜路,primary,1,127.295,4, , , ,60, , ,6077,746,274
601675053,601675049,肇嘉浜路,primary,1,16.329,4, , , ,60, , ,6078,728,275
601675053,601675056,大木桥路,tertiary,1,257.949, , , , , , , ,6079,5,276
601675056,601675044,正阳路,residential,0,16.473, , , , , , , ,6080,13,277
601675056,622622029,大木桥路,tertiary,1,255.732, , , , , , , ,6081,34,278
601675056,856909006,医学院路,residential,0,456.357, , , , , , , ,6082,14,279
601675056,856909026,清真路,residential,0,434.244, , , , , , , ,6083,31,280
601675059,4225546015,大木桥路,tertiary,1,9.13, , , , , , , ,6084,18,281
601675059,4225546021,大木桥路,tertiary,0,260.202, , , , , , , ,6085,137,282
601675069,601669704,岳阳路,residential,1,294.945, , , , , , , ,6087,364,283
601675069,601675075,建国西路,secondary,1,283.006, , , , , , , ,6088,259,284
601675075,601675077,建国西路,secondary,1,254.082, , , , , , , ,6089,297,285
601675075,601675378,太原路,residential,1,283.156, , , , , , , ,6090,323,286
601675077,601669708,襄阳南路,tertiary,1,448.411, , , , , , , ,6091,326,287
601675077,601669719,建国西路,secondary,1,220.586, , , , , , , ,6092,276,288
601675124,857586380,复兴中路,secondary,1,440.287,2, , , , , , ,6093,425,289
601675124,152846422,汾阳路,residential,0,433.004,1, , , , , , ,6094,170,290
601675124,267671967,汾阳路,residential,0,172.305,1, , , , , , ,6095,432,291
601675165,601675168,小木桥路,unclassified,1,56.914, , , , , , , ,6096,384,292
601675165,601675019,肇嘉浜路,primary,1,288.694,4, , , , , , ,6097,947,293
601675168,601675296,肇嘉浜路,primary,1,60.021,4, , , ,60, , ,6098,765,294
601675168,856909015,小木桥路,unclassified,1,94.124, , , , , , , ,6099,461,295
601675296,107724512,肇嘉浜路,primary,1,234.618,4, , , ,60, , ,6100,903,296
601675378,601675165,肇嘉浜路,primary,1,20.575,4, , , , , , ,6101,1291,297
601675378,601675296,太原路,residential,1,43.57, , , , , , , ,6102,123,298
601681398,76482203,思南路,residential,1,110.225,1, , , , , , ,6103,160,299
601681398,109425717,香山路,residential,0,233.717, , , , , , , ,6104,28,300
601681402,601681404,皋兰路,residential,1,224.738, , , , , , , ,6106,22,301
601681402,483119728,瑞金二路,secondary,1,128.24,2, , , , , , ,6107,812,302
601681404,601681398,思南路,residential,1,115.66399999999999,1, , , , , , ,6109,149,303
601681407,109425172,瑞金二路,secondary,1,150.81,2, , , , , , ,6110,905,304
601681509,601669728,嘉善路,residential,1,224.165, , , , , , , ,6111,41,305
601681509,601681519,永康路,residential,1,156.16199999999995, , , , , , , ,6112,20,306
601681519,131166911,襄阳南路,tertiary,1,206.259, , , , , , , ,6113,354,307
601681519,601681523,永康路,residential,1,364.184, , , , , , , ,6114,33,308
601681523,601669706,太原路,residential,1,257.90200000000004, , , , , , , ,6115,418,309
601712324,601712368,建国西路,tertiary,1,158.947, , , , , , , ,6124,194,310
601712324,82518464,安亭路,residential,0,301.433,1, , , , , , ,6125,14,311
601712348,2412392614,建国西路,tertiary,1,15.247, , , , , , , ,6126,219,312
601712348,243843481,宛平路,secondary,0,14.717, , , , , , , ,6127,90,313
601712348,243843485,宛平路,residential,0,208.216, , , , , , , ,6128,176,314
601712348,640476172,衡山路,secondary,1,292.445,2, , , , , , ,6129,526,315
601712368,601675069,建国西路,secondary,1,341.728, , , , , , , ,6130,231,316
601712368,107758818,乌鲁木齐南路,tertiary,1,287.122,1, , , , , , ,6131,327,317
601712416,601712418,斜徐路,residential,0,4.178, , , , , , , ,6132,53,318
601712416,856909184,斜徐路,residential,0,212.031, , , , , , , ,6133,20,319
601712416,601712550,丽园路,unclassified,1,176.93299999999996, , , , , , , ,6134,83,320
601712418,601712416,斜徐路,residential,0,4.178, , , , , , , ,6135,23,321
601712418,601712535,丽园路,unclassified,1,93.818, , , , , , , ,6136,178,322
601712422,243843501,东安路,tertiary,0,586.143,4, , , , , , ,6137,537,323
601712422,107758818,东安路,tertiary,0,32.681,4, , , , , , ,6138,148,324
601712422,640448687,肇嘉浜路,primary,1,310.553,4, , , ,60, , ,6139,908,325
601712535,1882278349,鲁班路,primary,1,269.244,4, , , , , , ,6153,525,326
601712540,601712535,鲁班路,primary,1,5.152,4, , , , , , ,6154,676,327
601712540,601712416,丽园路,unclassified,1,93.957, , , , , , , ,6155,115,328
601712550,486193667,徐家汇路,primary,1,318.619,4, , , , , , ,6156,495,329
601712550,856909184,徐家汇路,secondary,1,208.075, , , , , , , ,6158,209,330
601716792,601716797,斜土路,residential,1,25.423, , , , , , , ,6159,14,331
601716792,622624188,零陵路,tertiary,0,184.882, , , , , , , ,6160,294,332
601716792,601716803,零陵路,tertiary,0,50.148, , , , , , , ,6161,82,333
601716797,2376274688,斜土路,residential,0,107.056,4, , , , , , ,6162,7,334
601716797,601716803,斜土路,residential,1,54.85300000000001, , , , , , , ,6163,155,335
601716803,601716792,零陵路,tertiary,0,50.148, , , , , , , ,6164,279,336
601716803,321982054,零陵路,tertiary,0,218.388, , , , , , , ,6165,245,337
603891408,603891413,武康路,residential,1,188.245, , , , , , , ,6643,149,338
603891413,1168461360,五原路,residential,1,279.945,1, , , , , , ,6644,28,339
603891413,603891416,武康路,residential,1,92.97000000000001, , , , , , , ,6645,126,340
603891416,1666718699,复兴西路,tertiary,0,161.273,2, , , , , , ,6646,146,341
603891416,603891525,复兴西路,tertiary,0,292.797,2, , , , , , ,6647,53,342
603891416,804464933,武康路,residential,1,282.736, , , , , , , ,6648,135,343
603891420,107742927,肇嘉浜路,primary,1,106.554,4, , , , , , ,6649,908,344
603891422,603891420,肇嘉浜路,tertiary,1,73.628, , , , , , , ,6650,26,345
603891422,603891424,吴兴路,residential,1,251.093, , , , , , , ,6651,119,346
603891424,603891425,吴兴路,residential,1,154.578, , , , , , , ,6652,121,347
603891424,1577605553,建国西路,tertiary,1,151.038, , , , , , , ,6653,193,348
603891425,603891426,吴兴路,residential,1,19.884, , , , , , , ,6654,204,349
603891425,804464883,衡山路,secondary,1,186.546,2, , , , , , ,6655,202,350
603891426,603891428,吴兴路,residential,1,244.427, , , , , , , ,6656,176,351
603891426,601712348,衡山路,secondary,1,252.801,2, , , , , , ,6657,614,352
603891428,1414884245,康平路,residential,1,212.015, , , , , , , ,6658,37,353
603891428,603891432,吴兴路,residential,1,321.077, , , , , , , ,6659,159,354
603891432,554236865,淮海中路,secondary,0,199.117,2, , , , , , ,6660,443,355
603891432,804464960,淮海中路,secondary,0,198.348,2, , , , , , ,6661,418,356
603891496,603891497,华亭路,residential,0,179.374, , , , , , , ,6664,20,357
603891496,554238927,淮海中路,secondary,0,166.12199999999996,2, , , , , , ,6665,570,358
603891496,152846422,淮海中路,secondary,0,537.982,2, , , , , , ,6666,477,359
603891497,603891498,华亭路,residential,0,199.385, , , , , , , ,6667,19,360
603891497,603891496,华亭路,residential,0,179.374, , , , , , , ,6668,96,361
603891497,152846113,延庆路,residential,1,348.464, , , , , , , ,6669,45,362
603891498,603891497,华亭路,residential,0,199.385, , , , , , , ,6670,93,363
603891498,152887810,长乐路,residential,0,218.764,1, , , , , , ,6671,119,364
603891498,6360292379,长乐路,residential,0,135.59,1, , , , , , ,6672,179,365
603891525,603891416,复兴西路,tertiary,0,292.797,2, , , , , , ,6673,150,366
603891525,154072852,复兴西路,tertiary,0,251.657,2, , , , , , ,6674,75,367
603891525,1168463053,永福路,residential,0,317.391, , , , , , , ,6675,14,368
603891525,1168461360,永福路,residential,0,175.89899999999997, , , , , , , ,6676,47,369
603891560,94574920,乌鲁木齐南路,tertiary,1,42.672,1, , , , , , ,6677,379,370
605419515,3026283738,小木桥路,unclassified,1,482.653, , , , , , , ,6692,227,371
605419515,622622029,斜土路,secondary,0,347.31,4, , , , , , ,6693,395,372
605419515,622621883,斜土路,secondary,0,286.84099999999995,4, , , , , , ,6694,578,373
622621864,622623769,双峰北路,residential,0,189.332, , , , , , , ,7519,70,374
622621864,622621866,斜土路,residential,0,220.018,4, , , , , , ,7520,36,375
622621864,622624187,斜土路,residential,0,443.57,4, , , , , , ,7521,111,376
622621866,622624184,南丹东路,secondary,0,387.532, , , , , , , ,7522,343,377
622621866,622621864,斜土路,residential,0,220.018,4, , , , , , ,7523,145,378
622621866,243843425,斜土路,secondary,0,136.395,4, , , , , , ,7524,403,379
622621883,605419515,斜土路,secondary,0,286.841,4, , , , , , ,7525,352,380
622621883,243843501,斜土路,secondary,0,356.942,4, , , , , , ,7526,479,381
622621883,856908986,枫林路,residential,1,211.247, , , , , , , ,7527,338,382
622622029,601675042,斜土路,secondary,0,11.965,4, , , , , , ,7528,350,383
622622029,4225546025,大木桥路,tertiary,1,9.369, , , , , , , ,7529,92,384
622622029,605419515,斜土路,secondary,0,347.31,4, , , , , , ,7530,469,385
622623197,1882296810,打浦路,unclassified,0,95.679, , , , , , , ,7568,239,386
622623197,1882278349,南塘浜路,residential,1,387.057, , , , , , , ,7569,36,387
622623197,1576353731,打浦路,unclassified,0,302.74, , , , , , , ,7570,446,388
622623540,622623542,雅安路,residential,0,32.128, , , , , , , ,7571,69,389
622623540,600504930,肇嘉浜路,primary,1,186.496,4, , , , , , ,7572,959,390
622623542,622623540,雅安路,residential,0,32.128, , , , , , , ,7573,66,391
622623542,856909055,雅安路,residential,0,128.599, , , , , , , ,7574,82,392
622623542,858404348,肇嘉浜路,primary,1,260.778,4, , , ,60, , ,7575,1115,393
622623764,243843501,东安路,tertiary,0,475.022,4, , , , , , ,7577,30,394
622623764,622623813,零陵路,residential,1,291.519, , , , , , , ,7578,328,395
622623769,622621864,双峰北路,residential,0,189.332, , , , , , , ,7579,25,396
622623769,622623771,零陵路,tertiary,0,264.366, , , , , , , ,7580,304,397
622623769,622624188,零陵路,tertiary,0,407.937, , , , , , , ,7581,139,398
622623771,243843425,宛平南路,secondary,1,378.716, , , , , , , ,7582,579,399
622623771,622623764,零陵路,residential,1,629.078, , , , , , , ,7583,327,400
622623771,622623769,零陵路,tertiary,0,264.366, , , , , , , ,7584,108,401
622623813,3026283738,零陵路,residential,1,330.589, , , , , , , ,7586,178,402
622623813,622621883,枫林路,residential,1,482.83699999999993, , , , , , , ,7587,202,403
622624179,622624180,天钥桥路,secondary,1,43.702, , , , , , , ,7588,382,404
622624179,640459266,肇嘉浜路,primary,1,193.11400000000003,4, , , , , , ,7589,921,405
622624180,640468083,肇嘉浜路,primary,1,128.551,4, , , , , , ,7590,680,406
622624180,856908626,天钥桥路,secondary,1,282.875, , , , , , , ,7591,619,407
622624184,622621866,南丹东路,secondary,0,387.532, , , , , , , ,7592,450,408
622624184,3805834237,南丹东路,secondary,0,339.712, , , , , , , ,7593,374,409
622624184,856908373,天钥桥路,secondary,1,163.28199999999995, , , , , , , ,7594,582,410
622624187,622621864,斜土路,residential,0,443.56999999999994,4, , , , , , ,7595,29,411
622624187,2376274688,斜土路,residential,0,131.692,4, , , , , , ,7596,194,412
622624187,622624188,天钥桥路,secondary,1,116.786, , , , , , , ,7597,593,413
622624188,622623769,零陵路,tertiary,0,407.937, , , , , , , ,7599,241,414
622624188,601716792,零陵路,tertiary,0,184.882, , , , , , , ,7600,115,415
623410145,3026466101,瞿溪路,unclassified,0,178.148, , , , , , , ,7623,72,416
623410148,623410145,瞿溪路,unclassified,1,20.667, , , , , , , ,7624,60,417
623410148,565224366,瑞金南路,secondary,1,423.46, , , , , , , ,7625,275,418
623410149,623410148,瞿溪路,unclassified,1,300.415, , , , , , , ,7626,65,419
623410149,1882296810,打浦路,unclassified,0,434.70199999999994, , , , , , , ,7627,239,420
640448605,601712422,肇嘉浜路,primary,1,261.994,4, , , ,60, , ,8152,909,421
640448687,601675019,枫林路,residential,1,31.652, , , , , , , ,8153,448,422
640448687,601675168,肇嘉浜路,primary,1,249.087,4, , , ,60, , ,8154,866,423
640458286,640466413,肇嘉浜路,primary,1,145.109,4, , , , , , ,8159,299,424
640458286,640459264,漕溪北路,primary,1,64.677,5, , , , , , ,8160,324,425
640459264,640459266,华山路,primary,1,20.595, , , , , , , ,8161,336,426
640459264,640466413,肇嘉浜路,primary,1,124.44500000000002,4, , , , , , ,8162,503,427
640459266,1490932760,华山路,primary,1,216.788, , , , , , , ,8164,344,428
640464962,640468170,"['衡山路', '衡山路漕溪北路隧道']",secondary,1,593.5799999999998,2, , , , ,yes, ,8166,327,429
640464962,640458286,漕溪北路,primary,1,229.059,5, , , , , , ,8167,598,430
640466413,622624180,肇嘉浜路,primary,1,74.89199999999998,4, , , , , , ,8168,824,431
640468083,640468130,天平路,tertiary,0,36.108, , , , , , , ,8169,136,432
640468083,107723532,肇嘉浜路,primary,1,368.298,4, , , , , , ,8170,605,433
640468130,640468083,天平路,tertiary,0,36.108, , , , , , , ,8171,50,434
640468130,622624179,肇嘉浜路,primary,1,118.09800000000001,4, , , , , , ,8172,1219,435
640468130,640468170,天平路,tertiary,0,144.752, , , , , , , ,8173,113,436
640468170,640468210,天平路,tertiary,0,9.815, , , , , , , ,8174,165,437
640468170,640468130,天平路,tertiary,0,144.752, , , , , , , ,8175,127,438
640468170,640476183,衡山路,secondary,1,202.102,2, , , , , , ,8176,188,439
640468210,4790191325,天平路,residential,1,173.724, , , , , , , ,8177,95,440
640468210,640468170,天平路,tertiary,0,9.815, , , , , , , ,8178,149,441
640469172,640476171,广元路,tertiary,1,235.603, , , , , , , ,8180,169,442
640469172,640470131,天平路,residential,1,198.974, , , , , , , ,8181,83,443
640470131,1414884244,康平路,residential,0,214.074, , , , , , , ,8182,11,444
640470131,640476435,康平路,residential,0,115.078, , , , , , , ,8183,46,445
640470131,105253431,天平路,residential,1,401.884, , , , , , , ,8184,60,446
640476171,640476172,余庆路,residential,1,187.583, , , , , , , ,8190,84,447
640476171,601712348,广元路,tertiary,1,248.141, , , , , , , ,8191,165,448
640476172,640476183,余庆路,residential,1,13.974, , , , , , , ,8192,27,449
640476172,640468210,衡山路,secondary,1,210.646,2, , , , , , ,8193,577,450
640476183,243843481,衡山路,secondary,1,294.7469999999999,2, , , , , , ,8194,216,451
640476214,640469172,广元路,tertiary,1,124.21100000000001, , , , , , , ,8195,175,452
640476214,640476435,华山路,primary,1,167.637, , , , , , , ,8196,399,453
640476403,804474451,华山路,primary,1,17.671, , , , , , , ,8197,337,454
640476403,804474492,淮海中路,secondary,1,118.72900000000001, , , , , , , ,8198,269,455
640476435,640470131,康平路,residential,0,115.078, , , , , , , ,8200,8,456
640476435,640476403,华山路,primary,1,299.351, , , , , , , ,8201,368,457
640482387,1666718699,复兴西路,tertiary,0,204.662,2, , , , , , ,8202,66,458
640482387,5226901246,华山路,secondary,0,182.301, , , , , , , ,8203,159,459
640482387,574737611,华山路,secondary,0,87.093, , , , , , , ,8204,224,460
640484221,857586245,常熟路,secondary,0,89.07299999999998,2, , , , , , ,8205,673,461
640484221,154080003,华山路,secondary,0,298.9720000000001, , , , , , , ,8207,162,462
640593631,2129433532,漕溪北路,primary,1,42.501,5, , , , , , ,8227,931,463
804464883,1577605553,高安路,residential,1,261.267, , , , , , , ,9079,111,464
804464883,82518112,衡山路,secondary,1,47.046,2, , , , , , ,9080,229,465
804464903,804464883,高安路,residential,1,19.35, , , , , , , ,9081,141,466
804464903,603891426,衡山路,secondary,1,190.447,2, , , , , , ,9082,571,467
804464933,994212309,武康路,residential,1,263.58399999999995, , , , , , , ,9083,98,468
804464933,5226901273,湖南路,residential,0,152.821, , , , , , , ,9084,49,469
804464933,5226901271,湖南路,unclassified,1,56.585, , , , , , , ,9085,38,470
804464960,1414884249,高安路,residential,1,264.292, , , , , , , ,9086,143,471
804464960,1168463053,湖南路,residential,0,106.279, , , , , , , ,9087,82,472
804464960,603891432,淮海中路,secondary,0,198.348,2, , , , , , ,9088,377,473
804464960,131184023,淮海中路,secondary,0,429.259,2, , , , , , ,9089,345,474
804474451,994212301,华山路,primary,1,321.276, , , , , , , ,9103,250,475
804474492,804474451,淮海中路,secondary,1,119.98500000000001, , , , , , , ,9104,403,476
804474492,105253431,淮海中路,secondary,0,184.493,2, , , , , , ,9105,281,477
856908349,321982054,三角东街,residential,0,275.924, , , , , , , ,9552,12,478
856908349,2376274688,影业街,"['residential', 'unclassified']",0,445.881, , , , , , , ,9553,7,479
856908349,2129433584,影业街,residential,0,131.652, , , , , , , ,9554,22,480
856908373,3805834238,天钥桥路380弄,tertiary,0,249.663, , , , , , , ,9555,49,481
856908373,622624187,天钥桥路,secondary,1,259.401, , , , , , , ,9556,683,482
856908554,376594431,漕溪北路,primary,1,233.79200000000003,5, , , , , , ,9568,916,483
856908554,3805834238,"['天钥桥路380弄', '慈云街']",tertiary,0,245.307, , , , , , , ,9569,85,484
856908615,107723532,宛平南路,secondary,1,322.502, , , , , , , ,9570,599,485
856908615,856908626,辛耕路,residential,0,459.067, , , , , , , ,9571,96,486
856908626,856908615,辛耕路,residential,0,459.067, , , , , , , ,9572,97,487
856908626,622624184,天钥桥路,secondary,1,253.635, , , , , , , ,9573,619,488
856908765,2662665881,茶陵北路,residential,0,113.384, , , , , , , ,9576,64,489
856908765,856908965,合宝路,residential,0,182.289, , , , , , , ,9577,70,490
856908765,600504910,斜土路,secondary,0,358.8640000000001,4, , , , , , ,9578,474,491
856908765,601675042,斜土路,secondary,0,305.93,4, , , , , , ,9579,404,492
856908965,856908765,合宝路,residential,0,182.289, , , , , , , ,9586,91,493
856908965,601675044,正阳路,residential,0,271.053, , , , , , , ,9587,29,494
856908965,856909055,"['正阳路', '雅安路']",residential,0,207.449, , , , , , , ,9588,45,495
856908984,856909015,平江路,residential,0,244.97, , , , , , , ,9589,25,496
856908984,640448687,枫林路,residential,1,99.062, , , , , , , ,9591,420,497
856908986,267698847,枫林路,residential,1,150.409, , , , , , , ,9592,398,498
856908986,856909026,清真路,residential,0,260.2, , , , , , , ,9593,28,499
856909006,856909026,小木桥路,unclassified,1,128.762, , , , , , , ,9594,416,500
856909006,267698847,医学院路,residential,0,249.399, , , , , , , ,9595,18,501
856909006,601675056,医学院路,residential,0,456.357, , , , , , , ,9596,27,502
856909015,856909006,小木桥路,unclassified,1,92.753, , , , , , , ,9598,418,503
856909015,856908984,平江路,residential,0,244.97, , , , , , , ,9600,65,504
856909026,605419515,小木桥路,unclassified,1,230.183, , , , , , , ,9602,364,505
856909026,856908986,清真路,residential,0,260.2, , , , , , , ,9603,106,506
856909026,601675056,清真路,residential,0,434.244, , , , , , , ,9604,11,507
856909055,856908965,"['正阳路', '雅安路']",residential,0,207.449, , , , , , , ,9605,75,508
856909055,622623542,雅安路,residential,0,128.599, , , , , , , ,9606,47,509
856909055,856909059,炎虹路,residential,0,276.843, , , , , , , ,9607,7,510
856909059,600504910,瑞金南路,secondary,1,214.573, , , , , , ,yes,9608,383,511
856909059,856909055,炎虹路,residential,0,276.843, , , , , , , ,9609,10,512
856909184,601712416,斜徐路,residential,0,212.031, , , , , , , ,9610,25,513
856909184,2716408719,徐家汇路,secondary,1,106.986, , , , , , , ,9611,202,514
856926212,2389906350,桂林路,secondary,0,76.198, , , , , , , ,9676,241,515
857586230,994909970,华山路,secondary,1,103.106, , , , , , , ,9713,101,516
857586245,130015482,巨鹿路,residential,0,406.225,1, , , , , , ,9716,80,517
857586245,640484221,常熟路,secondary,0,89.07299999999998,2, , , , , , ,9717,520,518
857586245,6360292379,常熟路,secondary,0,222.348,2, , , , , , ,9718,643,519
857586297,6360292380,常熟路,secondary,0,124.78,2, , , , , , ,9719,484,520
857586297,603891497,延庆路,residential,1,140.655, , , , , , , ,9720,47,521
857586297,1576354815,常熟路,secondary,0,73.71899999999998,2, , , , , , ,9721,589,522
857586333,63338299,复兴中路,secondary,1,188.148,2, , , , , , ,9722,400,523
857586333,87781402,宝庆路,secondary,1,124.78, , , , , , , ,9723,718,524
857586380,857586333,复兴中路,secondary,1,16.782,2, , , , , , ,9724,491,525
857586380,554238927,宝庆路,secondary,1,212.514, , , , , , , ,9725,348,526
858404191,130022631,襄阳北路,tertiary,1,180.583, , , , , , , ,9754,189,527
858404191,552679267,新乐路,residential,1,261.523, , , , , , , ,9755,72,528
858404199,858404201,泰康路,residential,0,36.268,1, , , , , , ,9756,188,529
858404201,858404199,泰康路,residential,0,36.268,1, , , , , , ,9757,54,530
858404201,858404205,泰康路,residential,1,37.792,1, , , , , , ,9758,193,531
858404205,423833606,徐家汇路,secondary,1,213.084, , , , , , , ,9759,928,532
858404226,109425172,绍兴路,residential,1,470.62, , , , , , , ,9760,16,533
858404226,554224858,陕西南路,secondary,1,214.806,3, , , , , , ,9761,801,534
858404347,858404348,瑞金南路,secondary,1,43.284, , , , , , ,yes,9764,287,535
858404347,622623540,肇嘉浜路,primary,1,256.169,4, , , , , , ,9765,923,536
858404348,858404364,肇嘉浜路,primary,1,26.016,4, , , ,60, , ,9766,983,537
858404348,856909059,瑞金南路,secondary,1,170.661, , , , , , ,yes,9767,387,538
858404364,107744658,瑞金南路,secondary,1,56.031, , , , , , , ,9768,144,539
858404364,109424516,瑞金二路,secondary,1,114.223,2, , , , , , ,9769,484,540
858404364,1576353731,"['肇嘉浜路', '徐家汇路']",primary,1,288.361,4, , , ,60, , ,9770,794,541
994212281,857586230,华山路,primary,1,263.963, , , , , , , ,9849,326,542
994212301,994212305,泰安路,residential,0,329.541, , , , , , , ,9853,25,543
994212301,1487384235,华山路,primary,1,332.74, , , , , , , ,9854,274,544
994212305,1317175521,兴国路,unclassified,1,311.657,2, , , , , , ,9855,149,545
994212305,994212309,泰安路,residential,0,193.785, , , , , , , ,9856,22,546
994212305,994212301,泰安路,residential,0,329.541, , , , , , , ,9857,17,547
994212309,105253431,武康路,residential,1,276.31300000000005, , , , , , , ,9858,98,548
994212309,994212305,泰安路,residential,0,193.785, , , , , , , ,9859,14,549
994909970,574737611,华山路,secondary,0,138.77, , , , , , , ,9922,159,550
994910026,4470004598,华山路,secondary,0,23.038, , , , , , , ,9924,164,551
994910026,603891408,武康路,residential,1,83.26599999999998, , , , , , , ,9925,108,552
994910026,4470004597,华山路,secondary,0,112.983, , , , , , , ,9926,150,553
1168461360,5226901248,五原路,residential,1,112.98,1, , , , , , ,9992,53,554
1168461360,603891525,永福路,residential,0,175.899, , , , , , , ,9993,4,555
1168463053,603891525,永福路,residential,0,317.391, , , , , , , ,9994,42,556
1168463053,5226901273,湖南路,residential,0,71.94, , , , , , , ,9995,49,557
1168463053,804464960,湖南路,residential,0,106.279, , , , , , , ,9996,60,558
1317175521,994909970,兴国路,unclassified,1,316.136,2, , , , , , ,10093,141,559
1317175521,1487384235,湖南路,unclassified,1,289.79, , , , , , , ,10094,57,560
1414884244,640476171,余庆路,residential,1,249.527, , , , , , , ,10216,85,561
1414884244,640470131,康平路,residential,0,214.074, , , , , , , ,10217,26,562
1414884245,1414884244,康平路,residential,1,243.83, , , , , , , ,10218,27,563
1414884245,554236865,宛平路,residential,0,336.295, , , , , , , ,10219,140,564
1414884245,243843485,宛平路,residential,0,111.23200000000001, , , , , , , ,10220,54,565
1414884249,804464903,高安路,residential,1,232.554, , , , , , , ,10221,116,566
1414884249,603891428,康平路,residential,1,200.772, , , , , , , ,10222,27,567
1487384235,994212281,华山路,primary,1,79.254, , , , , , , ,10320,279,568
1490932758,4790191325,昭平路,residential,0,145.243, , , , , , , ,10387,6,569
1490932758,640476214,华山路,primary,1,189.637, , , , , , , ,10388,299,570
1490932760,1490932758,华山路,primary,1,105.593, , , , , , , ,10392,303,571
1576353731,1882272209,打浦路,unclassified,0,24.356, , , , , , , ,10602,409,572
1576353731,423833592,徐家汇路,primary,1,117.803,4, , , , , , ,10603,954,573
1576353731,622623197,打浦路,unclassified,0,302.74, , , , , , , ,10604,331,574
1576354815,554238927,常熟路,secondary,0,137.426,2, , , , , , ,10605,632,575
1576354815,857586297,常熟路,secondary,0,73.71899999999998,2, , , , , , ,10606,524,576
1576354819,483133364,巨鹿路,residential,0,357.374, , , , , , , ,10607,95,577
1576354819,130022540,巨鹿路,residential,0,286.494, , , , , , , ,10608,289,578
1576354819,2329789973,陕西南路,secondary,1,104.296,3, , , , , , ,10609,701,579
1577605553,601712324,建国西路,tertiary,1,149.291, , , , , , , ,10610,192,580
1577605553,107758681,高安路,residential,1,251.09, , , , , , , ,10611,107,581
1666718699,603891416,复兴西路,tertiary,0,161.273,2, , , , , , ,10800,62,582
1666718699,5226901264,高邮路,residential,0,47.66, , , , , , ,yes,10801,52,583
1666718699,640482387,复兴西路,tertiary,0,204.662,2, , , , , , ,10802,128,584
1882272209,1576353731,打浦路,unclassified,0,24.356, , , , , , , ,11652,476,585
1882272209,109424516,徐家汇路,primary,1,204.058,4, , , ,60, , ,11653,1471,586
1882278349,486196383,鲁班路,primary,1,109.882,4, , , , , , ,11654,534,587
1882296810,486196383,斜土路,secondary,0,390.051, , , , , , , ,11657,325,588
1882296810,622623197,打浦路,unclassified,0,95.679, , , , , , , ,11658,365,589
1882296810,565224366,斜土路,secondary,0,304.234, , , , , , , ,11659,411,590
1882296810,623410149,打浦路,unclassified,0,434.702, , , , , , , ,11660,182,591
2129433532,856908554,漕溪北路,primary,1,84.569,5, , , , , , ,12053,984,592
2129433575,640593631,漕溪北路,primary,1,325.986,5, , , , , , ,12057,729,593
2129433575,2129433584,漕溪北路辅路,secondary,1,275.704, , , , , , , ,12058,24,594
2129433584,856908349,影业街,residential,0,131.652, , , , , , , ,12059,6,595
2129433584,2129433532,漕溪北路辅路,secondary,1,102.786, , , , , , , ,12060,44,596
2329789972,2329789973,进贤路,residential,1,290.555, , , , , , , ,12133,13,597
2329789972,483133364,茂名南路,residential,0,143.28, , , , , , , ,12135,113,598
2329789972,483133346,茂名南路,residential,0,113.543, , , , , , , ,12136,330,599
2329789973,600487399,陕西南路,secondary,1,110.977,3, , , , , , ,12137,709,600
2376274688,601716797,斜土路,residential,0,107.056,4, , , , , , ,12236,140,601
2376274688,856908349,影业街,"['unclassified', 'residential']",0,445.881, , , , , , , ,12237,7,602
2376274688,622624187,斜土路,residential,0,131.692,4, , , , , , ,12238,46,603
2389906350,856926212,桂林路,secondary,0,76.198, , , , , , , ,12260,772,604
2412392614,603891424,建国西路,tertiary,1,193.759, , , , , , , ,12271,205,605
2412392614,603891425,衡山路,secondary,1,231.829,2, , , , , , ,12272,291,606
2412392616,4225698900,淮海中路,secondary,0,76.531,2, , , , , , ,12273,496,607
2412392616,477597199,淮海中路,secondary,0,189.093,2, , , , , , ,12274,431,608
2412392616,483122241,雁荡路,living_street,0,52.174, , , , , , , ,12275,27,609
2662665881,3026466102,茶陵北路,residential,0,74.232, , , , , , , ,12651,28,610
2662665881,856908765,茶陵北路,residential,0,113.384, , , , , , , ,12652,87,611
2716408636,486193667,重庆南路,primary,1,36.753, , , , , , , ,12680,665,612
2716408636,2716408643,徐家汇路,secondary,1,73.775, , , , , , , ,12681,814,613
2716408643,858404201,泰康路,residential,1,60.434,1, , , , , , ,12685,79,614
2716408643,858404205,徐家汇路,secondary,1,66.055, , , , , , , ,12686,728,615
2716408719,2716408741,鲁班路,primary,1,18.621,4, , , , , , ,12690,793,616
2716408741,8364544019,鲁班路,primary,1,31.822,4, , , , , , ,12691,965,617
2971125849,601675049,大木桥路,tertiary,1,156.949, , , , , , , ,12701,9,618
2971125939,622623542,肇嘉浜路,primary,1,138.628,4, , , ,60, , ,12705,1154,619
2974114618,2974114621,瑞金二路,secondary,1,141.314,2, , , , , , ,12706,770,620
2974114618,7118978996,泰康路,secondary,1,337.069,1, , , , , , ,12707,136,621
2974114621,601681407,瑞金二路,secondary,1,57.113,2, , , , , , ,12708,741,622
2974114621,87604258,"['建国西路', '建国中路']",secondary,1,372.5, , , , , , , ,12709,332,623
3026283738,4225546015,零陵路,residential,1,289.7999999999999, , , , , , , ,12735,200,624
3026466099,3028984382,茶陵路,unclassified,0,139.832, , , , , , , ,12736,40,625
3026466099,3026470525,零陵路,unclassified,0,224.446, , , , , , , ,12738,30,626
3026466100,3026466102,茶陵路,unclassified,0,113.528, , , , , , , ,12739,34,627
3026466100,4225546021,茶陵路,unclassified,0,222.09, , , , , , , ,12740,15,628
3026466100,3026470525,零陵北路,residential,0,307.837, , , , , , , ,12741,7,629
3026466101,3028984382,茶陵路,unclassified,0,94.797, , , , , , , ,12742,42,630
3026466101,3026466102,茶陵路,unclassified,0,205.471, , , , , , , ,12743,44,631
3026466101,623410145,瞿溪路,unclassified,0,178.148, , , , , , , ,12744,48,632
3026466102,2662665881,茶陵北路,residential,0,74.232, , , , , , , ,12745,59,633
3026466102,3026466101,茶陵路,unclassified,0,205.471, , , , , , , ,12746,31,634
3026466102,3026466100,茶陵路,unclassified,0,113.528, , , , , , , ,12747,3,635
3026470525,3026466100,零陵北路,residential,0,307.837, , , , , , , ,12748,35,636
3026470525,3026466099,零陵路,unclassified,0,224.446, , , , , , , ,12749,95,637
3026470525,4225546016,零陵路,unclassified,0,181.208, , , , , , , ,12750,21,638
3028984382,3026466099,茶陵路,unclassified,0,139.832, , , , , , , ,12751,34,639
3028984382,3026466101,茶陵路,unclassified,0,94.797, , , , , , , ,12753,41,640
3048216957,1317175521,湖南路,unclassified,1,125.569, , , , , , , ,12786,53,641
3048216957,5226901256,高邮路,residential,0,177.576, , , , , , ,yes,12787,34,642
3805834237,622624184,南丹东路,secondary,0,339.712, , , , , , , ,12867,465,643
3805834237,376594431,南丹东路,secondary,0,113.171, , , , , , , ,12868,316,644
3805834237,3805834238, ,residential,0,206.712, , , , , , , ,12869,72,645
3805834238,856908373,天钥桥路380弄,tertiary,0,249.663, , , , , , , ,12870,127,646
3805834238,856908554,"['天钥桥路380弄', '慈云街']",tertiary,0,245.307, , , , , , , ,12871,11,647
3805834238,3805834237, ,residential,0,206.712, , , , , , , ,12872,36,648
4225546015,4225546016,零陵路,unclassified,0,12.141, , , , , , , ,12964,204,649
4225546016,4225546015,零陵路,unclassified,0,12.141, , , , , , , ,12966,2,650
4225546016,601675059,大木桥路,tertiary,1,9.511, , , , , , , ,12967,108,651
4225546016,3026470525,零陵路,unclassified,0,181.208, , , , , , , ,12968,112,652
4225546021,601675059,大木桥路,tertiary,0,260.202, , , , , , , ,12969,36,653
4225546021,4225546025,大木桥路,tertiary,0,205.257, , , , , , , ,12970,166,654
4225546021,3026466100,茶陵路,unclassified,0,222.09000000000003, , , , , , , ,12971,22,655
4225546025,601675042,大木桥路,tertiary,1,9.311, , , , , , , ,12972,183,656
4225546025,4225546021,大木桥路,tertiary,0,205.257, , , , , , , ,12973,78,657
4225698900,2412392616,淮海中路,secondary,0,76.531,2, , , , , , ,12981,411,658
4225698900,4988370703,淮海中路,secondary,0,44.726,2, , , , , , ,12982,484,659
4225698900,4225698901,老重庆中路,unclassified,0,96.561, , , , , , , ,12983,32,660
4225698901,4225698900,老重庆中路,unclassified,0,96.561, , , , , , , ,12984,8,661
4225698901,4988370714,长乐路,tertiary,1,30.748, , , , , , , ,12985,104,662
4470004597,600486973,华山路,secondary,0,8.123, , , , , , , ,13184,153,663
4470004597,994910026,华山路,secondary,0,112.983, , , , , , , ,13185,257,664
4470004598,994910026,华山路,secondary,0,23.038, , , , , , , ,13187,155,665
4470004598,5226901246,华山路,secondary,0,58.929, , , , , , , ,13189,153,666
4790191325,1490932758,昭平路,residential,0,145.243, , , , , , , ,13331,21,667
4790191325,640469172,天平路,residential,1,157.213, , , , , , , ,13332,73,668
4988370703,4225698900,淮海中路,secondary,0,44.726,2, , , , , , ,13739,418,669
4988370703,4988384178,重庆南路,primary,1,39.184, , , , ,40, , ,13741,492,670
4988370706,4988370703,重庆南路,primary,1,74.54, , , , , , , ,13745,581,671
4988370708,4988370712, ,residential,1,21.368, , , , , , , ,13746,108,672
4988370708,479307593,巨鹿路,residential,0,201.333, , , , , , , ,13747,295,673
4988370712,4988370715,重庆南路,primary,1,99.066,2, , , , , , ,13751,512,674
4988370714,4988370706,重庆南路,primary,1,16.168, , , , , , , ,13752,496,675
4988370715,4988370714,重庆南路,primary,1,56.639, , , , , , , ,13754,392,676
4988370715,477598679,长乐路,tertiary,0,73.899, , , , , , , ,13755,175,677
4988384171,4988384174,重庆南路,primary,1,26.299, , , , ,40, , ,13756,226,678
4988384174,483119185,重庆南路,primary,1,247.473, , , , ,40, , ,13758,240,679
4988384178,4988384171,重庆南路,primary,1,18.7, , , , ,40, , ,13761,767,680
5000715349,107744185,嘉善路,residential,1,25.638, , , , , , , ,13762,7,681
5000715349,601669719,嘉善路,residential,1,292.146, , , , , , , ,13763,124,682
5226901246,4470004598,华山路,secondary,0,58.929, , , , , , , ,13918,150,683
5226901246,640482387,华山路,secondary,0,182.301, , , , , , , ,13919,165,684
5226901248,154073243,五原路,residential,1,47.036,1, , , , , , ,13920,52,685
5226901256,5226901257,高邮路,residential,0,46.178, , , , , , ,yes,13926,35,686
5226901256,3048216957,高邮路,residential,0,177.576, , , , , , ,yes,13927,45,687
5226901256,5226901263, ,residential,0,177.321, , , , , , , ,13928,20,688
5226901257,5226901264,高邮路,residential,0,81.25199999999998, , , , , , ,yes,13929,35,689
5226901257,5226901256,高邮路,residential,0,46.178, , , , , , ,yes,13930,43,690
5226901257,5226901258, ,residential,0,201.844, , , , , , , ,13931,6,691
5226901258,5226901257, ,residential,0,201.844, , , , , , , ,13932,7,692
5226901258,5226901263,湖南路,unclassified,1,26.987, , , , , , , ,13933,34,693
5226901263,3048216957,湖南路,unclassified,1,140.78899999999996, , , , , , , ,13934,35,694
5226901263,5226901256, ,residential,0,177.32099999999997, , , , , , , ,13935,21,695
5226901264,1666718699,高邮路,residential,0,47.66, , , , , , ,yes,13936,39,696
5226901264,5226901257,高邮路,residential,0,81.25199999999998, , , , , , ,yes,13937,49,697
5226901264,5226901271, ,residential,0,255.008, , , , , , , ,13938,15,698
5226901271,5226901258,湖南路,unclassified,1,56.104, , , , , , , ,13939,34,699
5226901271,5226901264, ,residential,0,255.008, , , , , , , ,13940,16,700
5226901273,804464933,湖南路,residential,0,152.821, , , , , , , ,13943,45,701
5226901273,1168463053,湖南路,residential,0,71.94, , , , , , , ,13944,53,702
6360292379,603891498,长乐路,residential,0,135.59,1, , , , , , ,14119,129,703
6360292379,154073129,长乐路,residential,0,355.3349999999999,1, , , , , , ,14120,201,704
6360292379,6360292380,常熟路,secondary,0,83.63300000000002,2, , , , , , ,14121,622,705
6360292379,857586245,常熟路,secondary,0,222.348,2, , , , , , ,14122,546,706
6360292380,857586297,常熟路,secondary,0,124.78,2, , , , , , ,14123,577,707
6360292380,154072987,安福路,residential,1,324.1140000000001,1, , , , , , ,14124,86,708
6360292380,6360292379,常熟路,secondary,0,83.63300000000002,2, , , , , , ,14125,455,709
6369165292,154072987,乌鲁木齐中路,tertiary,0,65.949,1, , , , , , ,14127,182,710
6369165292,154072919,乌鲁木齐中路,tertiary,0,142.37799999999996,1, , , , , , ,14128,250,711
7118978996,858404199,泰康路,secondary,1,86.22199999999998,1, , , , , , ,14697,108,712
8364544019,601712540,鲁班路,primary,1,164.78,4, , , , , , ,14982,674,713
